self.coordinates_front_left = [
            [13.43,58.17,172.0],
            [3.43,58.17,172.0],
            [3.43,58.17,162.0],
            [13.43,58.17,162.0]
        ]
        
        self.coordinates_front_right = [
            [49.43,58.17,150.0],
            [49.53,58.17,140.0],
            [59.43,58.17,140.0],
            [59.43,58.17,150.0]
        ]

        self.coordinates_back_left = [
            [5.43, 58.17,179.5],
            [5.43,58.17,169.5],
            [15.43,58.17,169.5],
            [15.43,58.17,179.0]
        ]

        self.coordinates_back_right = [
            [27.43, 58.17, 157.5],
            [17.43,58.17,157.5],
            [17.43,58.17,147.5],
            [27.43,58.17,147.5]
        ]
